2
2
0.9 -0.8 0.7 1 
-0.60771362129 0.895808368705 -0.594852050662 -0.904400086669 
-0.601694419658 0.899862374859 -0.600901821624 -0.900391841979 
-0.601298110611 0.900127255322 -0.60129826019 -0.900127155402 
-0.601298281516 0.900127132948 -0.601298081704 -0.900127266427 
-0.601298340117 0.900127093767 -0.601298023071 -0.90012730556 
-0.601298332052 0.900127099161 -0.601298031142 -0.900127300175 
-0.601298332267 0.900127099017 -0.601298030927 -0.900127300318 
-0.601298328692 0.900127101408 -0.601298034504 -0.900127297931 
-0.601298349874 0.900127087244 -0.601298013309 -0.900127312076 
-0.601298331413 0.900127099588 -0.601298031781 -0.900127299748 
-0.60129833126 0.900127099691 -0.601298031935 -0.900127299646 
-0.601298339222 0.900127094367 -0.601298023968 -0.900127304963 
-0.601298337355 0.900127095615 -0.601298025836 -0.900127303716 
-0.601298287399 0.900127129021 -0.601298075826 -0.900127270358 
